{
 "cells": [
  {
   "cell_type": "markdown",
   "id": "90b533b6",
   "metadata": {},
   "source": [
    "# Julia for Data Analysis\n",
    "\n",
    "## Bogumił Kamiński"
   ]
  },
  {
   "cell_type": "markdown",
   "id": "d598b345",
   "metadata": {
    "pycharm": {
     "name": "#%% md\n"
    }
   },
   "source": [
    "# Lecture 10. Creating data frame objects"
   ]
  },
  {
   "cell_type": "markdown",
   "id": "a6198cb0",
   "metadata": {
    "pycharm": {
     "name": "#%% md\n"
    }
   },
   "source": [
    "## Review of most important ways of creating a data frame"
   ]
  },
  {
   "cell_type": "code",
   "execution_count": 1,
   "id": "ab826492",
   "metadata": {
    "pycharm": {
     "name": "#%% raw\n"
    }
   },
   "outputs": [],
   "source": [
    "aq = [10.0  8.04 10.0  9.14 10.0  7.46  8.0  6.58\n",
    "       8.0  6.95  8.0  8.14  8.0  6.77  8.0  5.76\n",
    "      13.0  7.58 13.0  8.74 13.0 12.74  8.0  7.71\n",
    "       9.0  8.81  9.0  8.77  9.0  7.11  8.0  8.84\n",
    "      11.0  8.33 11.0  9.26 11.0  7.81  8.0  8.47\n",
    "      14.0  9.96 14.0  8.1  14.0  8.84  8.0  7.04\n",
    "       6.0  7.24  6.0  6.13  6.0  6.08  8.0  5.25\n",
    "       4.0  4.26  4.0  3.1   4.0  5.39 19.0 12.50\n",
    "      12.0 10.84 12.0  9.13 12.0  8.15  8.0  5.56\n",
    "       7.0  4.82  7.0  7.26  7.0  6.42  8.0  7.91\n",
    "       5.0  5.68  5.0  4.74  5.0  5.73  8.0  6.89];"
   ]
  },
  {
   "cell_type": "code",
   "execution_count": 2,
   "id": "3360dcd4",
   "metadata": {
    "pycharm": {
     "name": "#%% raw\n"
    }
   },
   "outputs": [],
   "source": [
    "using DataFrames"
   ]
  },
  {
   "cell_type": "markdown",
   "id": "055981c3",
   "metadata": {
    "pycharm": {
     "name": "#%% md\n"
    }
   },
   "source": [
    "### Creating a data frame from a matrix"
   ]
  },
  {
   "cell_type": "code",
   "execution_count": 3,
   "id": "c8de8cdd",
   "metadata": {},
   "outputs": [
    {
     "data": {
      "text/html": [
       "<div class=\"data-frame\"><p>11 rows × 8 columns</p><table class=\"data-frame\"><thead><tr><th></th><th>x1</th><th>y1</th><th>x2</th><th>y2</th><th>x3</th><th>y3</th><th>x4</th><th>y4</th></tr><tr><th></th><th title=\"Float64\">Float64</th><th title=\"Float64\">Float64</th><th title=\"Float64\">Float64</th><th title=\"Float64\">Float64</th><th title=\"Float64\">Float64</th><th title=\"Float64\">Float64</th><th title=\"Float64\">Float64</th><th title=\"Float64\">Float64</th></tr></thead><tbody><tr><th>1</th><td>10.0</td><td>8.04</td><td>10.0</td><td>9.14</td><td>10.0</td><td>7.46</td><td>8.0</td><td>6.58</td></tr><tr><th>2</th><td>8.0</td><td>6.95</td><td>8.0</td><td>8.14</td><td>8.0</td><td>6.77</td><td>8.0</td><td>5.76</td></tr><tr><th>3</th><td>13.0</td><td>7.58</td><td>13.0</td><td>8.74</td><td>13.0</td><td>12.74</td><td>8.0</td><td>7.71</td></tr><tr><th>4</th><td>9.0</td><td>8.81</td><td>9.0</td><td>8.77</td><td>9.0</td><td>7.11</td><td>8.0</td><td>8.84</td></tr><tr><th>5</th><td>11.0</td><td>8.33</td><td>11.0</td><td>9.26</td><td>11.0</td><td>7.81</td><td>8.0</td><td>8.47</td></tr><tr><th>6</th><td>14.0</td><td>9.96</td><td>14.0</td><td>8.1</td><td>14.0</td><td>8.84</td><td>8.0</td><td>7.04</td></tr><tr><th>7</th><td>6.0</td><td>7.24</td><td>6.0</td><td>6.13</td><td>6.0</td><td>6.08</td><td>8.0</td><td>5.25</td></tr><tr><th>8</th><td>4.0</td><td>4.26</td><td>4.0</td><td>3.1</td><td>4.0</td><td>5.39</td><td>19.0</td><td>12.5</td></tr><tr><th>9</th><td>12.0</td><td>10.84</td><td>12.0</td><td>9.13</td><td>12.0</td><td>8.15</td><td>8.0</td><td>5.56</td></tr><tr><th>10</th><td>7.0</td><td>4.82</td><td>7.0</td><td>7.26</td><td>7.0</td><td>6.42</td><td>8.0</td><td>7.91</td></tr><tr><th>11</th><td>5.0</td><td>5.68</td><td>5.0</td><td>4.74</td><td>5.0</td><td>5.73</td><td>8.0</td><td>6.89</td></tr></tbody></table></div>"
      ],
      "text/latex": [
       "\\begin{tabular}{r|cccccccc}\n",
       "\t& x1 & y1 & x2 & y2 & x3 & y3 & x4 & y4\\\\\n",
       "\t\\hline\n",
       "\t& Float64 & Float64 & Float64 & Float64 & Float64 & Float64 & Float64 & Float64\\\\\n",
       "\t\\hline\n",
       "\t1 & 10.0 & 8.04 & 10.0 & 9.14 & 10.0 & 7.46 & 8.0 & 6.58 \\\\\n",
       "\t2 & 8.0 & 6.95 & 8.0 & 8.14 & 8.0 & 6.77 & 8.0 & 5.76 \\\\\n",
       "\t3 & 13.0 & 7.58 & 13.0 & 8.74 & 13.0 & 12.74 & 8.0 & 7.71 \\\\\n",
       "\t4 & 9.0 & 8.81 & 9.0 & 8.77 & 9.0 & 7.11 & 8.0 & 8.84 \\\\\n",
       "\t5 & 11.0 & 8.33 & 11.0 & 9.26 & 11.0 & 7.81 & 8.0 & 8.47 \\\\\n",
       "\t6 & 14.0 & 9.96 & 14.0 & 8.1 & 14.0 & 8.84 & 8.0 & 7.04 \\\\\n",
       "\t7 & 6.0 & 7.24 & 6.0 & 6.13 & 6.0 & 6.08 & 8.0 & 5.25 \\\\\n",
       "\t8 & 4.0 & 4.26 & 4.0 & 3.1 & 4.0 & 5.39 & 19.0 & 12.5 \\\\\n",
       "\t9 & 12.0 & 10.84 & 12.0 & 9.13 & 12.0 & 8.15 & 8.0 & 5.56 \\\\\n",
       "\t10 & 7.0 & 4.82 & 7.0 & 7.26 & 7.0 & 6.42 & 8.0 & 7.91 \\\\\n",
       "\t11 & 5.0 & 5.68 & 5.0 & 4.74 & 5.0 & 5.73 & 8.0 & 6.89 \\\\\n",
       "\\end{tabular}\n"
      ],
      "text/plain": [
       "\u001b[1m11×8 DataFrame\u001b[0m\n",
       "\u001b[1m Row \u001b[0m│\u001b[1m x1      \u001b[0m\u001b[1m y1      \u001b[0m\u001b[1m x2      \u001b[0m\u001b[1m y2      \u001b[0m\u001b[1m x3      \u001b[0m\u001b[1m y3      \u001b[0m\u001b[1m x4      \u001b[0m\u001b[1m y4      \u001b[0m\n",
       "\u001b[1m     \u001b[0m│\u001b[90m Float64 \u001b[0m\u001b[90m Float64 \u001b[0m\u001b[90m Float64 \u001b[0m\u001b[90m Float64 \u001b[0m\u001b[90m Float64 \u001b[0m\u001b[90m Float64 \u001b[0m\u001b[90m Float64 \u001b[0m\u001b[90m Float64 \u001b[0m\n",
       "─────┼────────────────────────────────────────────────────────────────────────\n",
       "   1 │    10.0     8.04     10.0     9.14     10.0     7.46      8.0     6.58\n",
       "   2 │     8.0     6.95      8.0     8.14      8.0     6.77      8.0     5.76\n",
       "   3 │    13.0     7.58     13.0     8.74     13.0    12.74      8.0     7.71\n",
       "   4 │     9.0     8.81      9.0     8.77      9.0     7.11      8.0     8.84\n",
       "   5 │    11.0     8.33     11.0     9.26     11.0     7.81      8.0     8.47\n",
       "   6 │    14.0     9.96     14.0     8.1      14.0     8.84      8.0     7.04\n",
       "   7 │     6.0     7.24      6.0     6.13      6.0     6.08      8.0     5.25\n",
       "   8 │     4.0     4.26      4.0     3.1       4.0     5.39     19.0    12.5\n",
       "   9 │    12.0    10.84     12.0     9.13     12.0     8.15      8.0     5.56\n",
       "  10 │     7.0     4.82      7.0     7.26      7.0     6.42      8.0     7.91\n",
       "  11 │     5.0     5.68      5.0     4.74      5.0     5.73      8.0     6.89"
      ]
     },
     "execution_count": 3,
     "metadata": {},
     "output_type": "execute_result"
    }
   ],
   "source": [
    "aq1 = DataFrame(aq, [\"x1\", \"y1\", \"x2\", \"y2\", \"x3\", \"y3\", \"x4\", \"y4\"])"
   ]
  },
  {
   "cell_type": "code",
   "execution_count": 4,
   "id": "3875d4c9",
   "metadata": {},
   "outputs": [
    {
     "data": {
      "text/html": [
       "<div class=\"data-frame\"><p>11 rows × 8 columns</p><table class=\"data-frame\"><thead><tr><th></th><th>x1</th><th>y1</th><th>x2</th><th>y2</th><th>x3</th><th>y3</th><th>x4</th><th>y4</th></tr><tr><th></th><th title=\"Float64\">Float64</th><th title=\"Float64\">Float64</th><th title=\"Float64\">Float64</th><th title=\"Float64\">Float64</th><th title=\"Float64\">Float64</th><th title=\"Float64\">Float64</th><th title=\"Float64\">Float64</th><th title=\"Float64\">Float64</th></tr></thead><tbody><tr><th>1</th><td>10.0</td><td>8.04</td><td>10.0</td><td>9.14</td><td>10.0</td><td>7.46</td><td>8.0</td><td>6.58</td></tr><tr><th>2</th><td>8.0</td><td>6.95</td><td>8.0</td><td>8.14</td><td>8.0</td><td>6.77</td><td>8.0</td><td>5.76</td></tr><tr><th>3</th><td>13.0</td><td>7.58</td><td>13.0</td><td>8.74</td><td>13.0</td><td>12.74</td><td>8.0</td><td>7.71</td></tr><tr><th>4</th><td>9.0</td><td>8.81</td><td>9.0</td><td>8.77</td><td>9.0</td><td>7.11</td><td>8.0</td><td>8.84</td></tr><tr><th>5</th><td>11.0</td><td>8.33</td><td>11.0</td><td>9.26</td><td>11.0</td><td>7.81</td><td>8.0</td><td>8.47</td></tr><tr><th>6</th><td>14.0</td><td>9.96</td><td>14.0</td><td>8.1</td><td>14.0</td><td>8.84</td><td>8.0</td><td>7.04</td></tr><tr><th>7</th><td>6.0</td><td>7.24</td><td>6.0</td><td>6.13</td><td>6.0</td><td>6.08</td><td>8.0</td><td>5.25</td></tr><tr><th>8</th><td>4.0</td><td>4.26</td><td>4.0</td><td>3.1</td><td>4.0</td><td>5.39</td><td>19.0</td><td>12.5</td></tr><tr><th>9</th><td>12.0</td><td>10.84</td><td>12.0</td><td>9.13</td><td>12.0</td><td>8.15</td><td>8.0</td><td>5.56</td></tr><tr><th>10</th><td>7.0</td><td>4.82</td><td>7.0</td><td>7.26</td><td>7.0</td><td>6.42</td><td>8.0</td><td>7.91</td></tr><tr><th>11</th><td>5.0</td><td>5.68</td><td>5.0</td><td>4.74</td><td>5.0</td><td>5.73</td><td>8.0</td><td>6.89</td></tr></tbody></table></div>"
      ],
      "text/latex": [
       "\\begin{tabular}{r|cccccccc}\n",
       "\t& x1 & y1 & x2 & y2 & x3 & y3 & x4 & y4\\\\\n",
       "\t\\hline\n",
       "\t& Float64 & Float64 & Float64 & Float64 & Float64 & Float64 & Float64 & Float64\\\\\n",
       "\t\\hline\n",
       "\t1 & 10.0 & 8.04 & 10.0 & 9.14 & 10.0 & 7.46 & 8.0 & 6.58 \\\\\n",
       "\t2 & 8.0 & 6.95 & 8.0 & 8.14 & 8.0 & 6.77 & 8.0 & 5.76 \\\\\n",
       "\t3 & 13.0 & 7.58 & 13.0 & 8.74 & 13.0 & 12.74 & 8.0 & 7.71 \\\\\n",
       "\t4 & 9.0 & 8.81 & 9.0 & 8.77 & 9.0 & 7.11 & 8.0 & 8.84 \\\\\n",
       "\t5 & 11.0 & 8.33 & 11.0 & 9.26 & 11.0 & 7.81 & 8.0 & 8.47 \\\\\n",
       "\t6 & 14.0 & 9.96 & 14.0 & 8.1 & 14.0 & 8.84 & 8.0 & 7.04 \\\\\n",
       "\t7 & 6.0 & 7.24 & 6.0 & 6.13 & 6.0 & 6.08 & 8.0 & 5.25 \\\\\n",
       "\t8 & 4.0 & 4.26 & 4.0 & 3.1 & 4.0 & 5.39 & 19.0 & 12.5 \\\\\n",
       "\t9 & 12.0 & 10.84 & 12.0 & 9.13 & 12.0 & 8.15 & 8.0 & 5.56 \\\\\n",
       "\t10 & 7.0 & 4.82 & 7.0 & 7.26 & 7.0 & 6.42 & 8.0 & 7.91 \\\\\n",
       "\t11 & 5.0 & 5.68 & 5.0 & 4.74 & 5.0 & 5.73 & 8.0 & 6.89 \\\\\n",
       "\\end{tabular}\n"
      ],
      "text/plain": [
       "\u001b[1m11×8 DataFrame\u001b[0m\n",
       "\u001b[1m Row \u001b[0m│\u001b[1m x1      \u001b[0m\u001b[1m y1      \u001b[0m\u001b[1m x2      \u001b[0m\u001b[1m y2      \u001b[0m\u001b[1m x3      \u001b[0m\u001b[1m y3      \u001b[0m\u001b[1m x4      \u001b[0m\u001b[1m y4      \u001b[0m\n",
       "\u001b[1m     \u001b[0m│\u001b[90m Float64 \u001b[0m\u001b[90m Float64 \u001b[0m\u001b[90m Float64 \u001b[0m\u001b[90m Float64 \u001b[0m\u001b[90m Float64 \u001b[0m\u001b[90m Float64 \u001b[0m\u001b[90m Float64 \u001b[0m\u001b[90m Float64 \u001b[0m\n",
       "─────┼────────────────────────────────────────────────────────────────────────\n",
       "   1 │    10.0     8.04     10.0     9.14     10.0     7.46      8.0     6.58\n",
       "   2 │     8.0     6.95      8.0     8.14      8.0     6.77      8.0     5.76\n",
       "   3 │    13.0     7.58     13.0     8.74     13.0    12.74      8.0     7.71\n",
       "   4 │     9.0     8.81      9.0     8.77      9.0     7.11      8.0     8.84\n",
       "   5 │    11.0     8.33     11.0     9.26     11.0     7.81      8.0     8.47\n",
       "   6 │    14.0     9.96     14.0     8.1      14.0     8.84      8.0     7.04\n",
       "   7 │     6.0     7.24      6.0     6.13      6.0     6.08      8.0     5.25\n",
       "   8 │     4.0     4.26      4.0     3.1       4.0     5.39     19.0    12.5\n",
       "   9 │    12.0    10.84     12.0     9.13     12.0     8.15      8.0     5.56\n",
       "  10 │     7.0     4.82      7.0     7.26      7.0     6.42      8.0     7.91\n",
       "  11 │     5.0     5.68      5.0     4.74      5.0     5.73      8.0     6.89"
      ]
     },
     "execution_count": 4,
     "metadata": {},
     "output_type": "execute_result"
    }
   ],
   "source": [
    "DataFrame(aq, [:x1, :y1, :x2, :y2, :x3, :y3, :x4, :y4])"
   ]
  },
  {
   "cell_type": "code",
   "execution_count": 5,
   "id": "8d550386",
   "metadata": {},
   "outputs": [
    {
     "data": {
      "text/html": [
       "<div class=\"data-frame\"><p>11 rows × 8 columns</p><table class=\"data-frame\"><thead><tr><th></th><th>x1</th><th>x2</th><th>x3</th><th>x4</th><th>x5</th><th>x6</th><th>x7</th><th>x8</th></tr><tr><th></th><th title=\"Float64\">Float64</th><th title=\"Float64\">Float64</th><th title=\"Float64\">Float64</th><th title=\"Float64\">Float64</th><th title=\"Float64\">Float64</th><th title=\"Float64\">Float64</th><th title=\"Float64\">Float64</th><th title=\"Float64\">Float64</th></tr></thead><tbody><tr><th>1</th><td>10.0</td><td>8.04</td><td>10.0</td><td>9.14</td><td>10.0</td><td>7.46</td><td>8.0</td><td>6.58</td></tr><tr><th>2</th><td>8.0</td><td>6.95</td><td>8.0</td><td>8.14</td><td>8.0</td><td>6.77</td><td>8.0</td><td>5.76</td></tr><tr><th>3</th><td>13.0</td><td>7.58</td><td>13.0</td><td>8.74</td><td>13.0</td><td>12.74</td><td>8.0</td><td>7.71</td></tr><tr><th>4</th><td>9.0</td><td>8.81</td><td>9.0</td><td>8.77</td><td>9.0</td><td>7.11</td><td>8.0</td><td>8.84</td></tr><tr><th>5</th><td>11.0</td><td>8.33</td><td>11.0</td><td>9.26</td><td>11.0</td><td>7.81</td><td>8.0</td><td>8.47</td></tr><tr><th>6</th><td>14.0</td><td>9.96</td><td>14.0</td><td>8.1</td><td>14.0</td><td>8.84</td><td>8.0</td><td>7.04</td></tr><tr><th>7</th><td>6.0</td><td>7.24</td><td>6.0</td><td>6.13</td><td>6.0</td><td>6.08</td><td>8.0</td><td>5.25</td></tr><tr><th>8</th><td>4.0</td><td>4.26</td><td>4.0</td><td>3.1</td><td>4.0</td><td>5.39</td><td>19.0</td><td>12.5</td></tr><tr><th>9</th><td>12.0</td><td>10.84</td><td>12.0</td><td>9.13</td><td>12.0</td><td>8.15</td><td>8.0</td><td>5.56</td></tr><tr><th>10</th><td>7.0</td><td>4.82</td><td>7.0</td><td>7.26</td><td>7.0</td><td>6.42</td><td>8.0</td><td>7.91</td></tr><tr><th>11</th><td>5.0</td><td>5.68</td><td>5.0</td><td>4.74</td><td>5.0</td><td>5.73</td><td>8.0</td><td>6.89</td></tr></tbody></table></div>"
      ],
      "text/latex": [
       "\\begin{tabular}{r|cccccccc}\n",
       "\t& x1 & x2 & x3 & x4 & x5 & x6 & x7 & x8\\\\\n",
       "\t\\hline\n",
       "\t& Float64 & Float64 & Float64 & Float64 & Float64 & Float64 & Float64 & Float64\\\\\n",
       "\t\\hline\n",
       "\t1 & 10.0 & 8.04 & 10.0 & 9.14 & 10.0 & 7.46 & 8.0 & 6.58 \\\\\n",
       "\t2 & 8.0 & 6.95 & 8.0 & 8.14 & 8.0 & 6.77 & 8.0 & 5.76 \\\\\n",
       "\t3 & 13.0 & 7.58 & 13.0 & 8.74 & 13.0 & 12.74 & 8.0 & 7.71 \\\\\n",
       "\t4 & 9.0 & 8.81 & 9.0 & 8.77 & 9.0 & 7.11 & 8.0 & 8.84 \\\\\n",
       "\t5 & 11.0 & 8.33 & 11.0 & 9.26 & 11.0 & 7.81 & 8.0 & 8.47 \\\\\n",
       "\t6 & 14.0 & 9.96 & 14.0 & 8.1 & 14.0 & 8.84 & 8.0 & 7.04 \\\\\n",
       "\t7 & 6.0 & 7.24 & 6.0 & 6.13 & 6.0 & 6.08 & 8.0 & 5.25 \\\\\n",
       "\t8 & 4.0 & 4.26 & 4.0 & 3.1 & 4.0 & 5.39 & 19.0 & 12.5 \\\\\n",
       "\t9 & 12.0 & 10.84 & 12.0 & 9.13 & 12.0 & 8.15 & 8.0 & 5.56 \\\\\n",
       "\t10 & 7.0 & 4.82 & 7.0 & 7.26 & 7.0 & 6.42 & 8.0 & 7.91 \\\\\n",
       "\t11 & 5.0 & 5.68 & 5.0 & 4.74 & 5.0 & 5.73 & 8.0 & 6.89 \\\\\n",
       "\\end{tabular}\n"
      ],
      "text/plain": [
       "\u001b[1m11×8 DataFrame\u001b[0m\n",
       "\u001b[1m Row \u001b[0m│\u001b[1m x1      \u001b[0m\u001b[1m x2      \u001b[0m\u001b[1m x3      \u001b[0m\u001b[1m x4      \u001b[0m\u001b[1m x5      \u001b[0m\u001b[1m x6      \u001b[0m\u001b[1m x7      \u001b[0m\u001b[1m x8      \u001b[0m\n",
       "\u001b[1m     \u001b[0m│\u001b[90m Float64 \u001b[0m\u001b[90m Float64 \u001b[0m\u001b[90m Float64 \u001b[0m\u001b[90m Float64 \u001b[0m\u001b[90m Float64 \u001b[0m\u001b[90m Float64 \u001b[0m\u001b[90m Float64 \u001b[0m\u001b[90m Float64 \u001b[0m\n",
       "─────┼────────────────────────────────────────────────────────────────────────\n",
       "   1 │    10.0     8.04     10.0     9.14     10.0     7.46      8.0     6.58\n",
       "   2 │     8.0     6.95      8.0     8.14      8.0     6.77      8.0     5.76\n",
       "   3 │    13.0     7.58     13.0     8.74     13.0    12.74      8.0     7.71\n",
       "   4 │     9.0     8.81      9.0     8.77      9.0     7.11      8.0     8.84\n",
       "   5 │    11.0     8.33     11.0     9.26     11.0     7.81      8.0     8.47\n",
       "   6 │    14.0     9.96     14.0     8.1      14.0     8.84      8.0     7.04\n",
       "   7 │     6.0     7.24      6.0     6.13      6.0     6.08      8.0     5.25\n",
       "   8 │     4.0     4.26      4.0     3.1       4.0     5.39     19.0    12.5\n",
       "   9 │    12.0    10.84     12.0     9.13     12.0     8.15      8.0     5.56\n",
       "  10 │     7.0     4.82      7.0     7.26      7.0     6.42      8.0     7.91\n",
       "  11 │     5.0     5.68      5.0     4.74      5.0     5.73      8.0     6.89"
      ]
     },
     "execution_count": 5,
     "metadata": {},
     "output_type": "execute_result"
    }
   ],
   "source": [
    "DataFrame(aq, :auto)"
   ]
  },
  {
   "cell_type": "markdown",
   "id": "5781d38c",
   "metadata": {},
   "source": [
    "### Creating a data frame from a vector of vectors"
   ]
  },
  {
   "cell_type": "code",
   "execution_count": 6,
   "id": "1929bdf8",
   "metadata": {},
   "outputs": [
    {
     "data": {
      "text/plain": [
       "8-element Vector{SubArray{Float64, 1, Matrix{Float64}, Tuple{Base.Slice{Base.OneTo{Int64}}, Int64}, true}}:\n",
       " [10.0, 8.0, 13.0, 9.0, 11.0, 14.0, 6.0, 4.0, 12.0, 7.0, 5.0]\n",
       " [8.04, 6.95, 7.58, 8.81, 8.33, 9.96, 7.24, 4.26, 10.84, 4.82, 5.68]\n",
       " [10.0, 8.0, 13.0, 9.0, 11.0, 14.0, 6.0, 4.0, 12.0, 7.0, 5.0]\n",
       " [9.14, 8.14, 8.74, 8.77, 9.26, 8.1, 6.13, 3.1, 9.13, 7.26, 4.74]\n",
       " [10.0, 8.0, 13.0, 9.0, 11.0, 14.0, 6.0, 4.0, 12.0, 7.0, 5.0]\n",
       " [7.46, 6.77, 12.74, 7.11, 7.81, 8.84, 6.08, 5.39, 8.15, 6.42, 5.73]\n",
       " [8.0, 8.0, 8.0, 8.0, 8.0, 8.0, 8.0, 19.0, 8.0, 8.0, 8.0]\n",
       " [6.58, 5.76, 7.71, 8.84, 8.47, 7.04, 5.25, 12.5, 5.56, 7.91, 6.89]"
      ]
     },
     "execution_count": 6,
     "metadata": {},
     "output_type": "execute_result"
    }
   ],
   "source": [
    "aq_vec = collect(eachcol(aq))"
   ]
  },
  {
   "cell_type": "code",
   "execution_count": 7,
   "id": "fbfd60ae",
   "metadata": {},
   "outputs": [
    {
     "data": {
      "text/html": [
       "<div class=\"data-frame\"><p>11 rows × 8 columns</p><table class=\"data-frame\"><thead><tr><th></th><th>x1</th><th>y1</th><th>x2</th><th>y2</th><th>x3</th><th>y3</th><th>x4</th><th>y4</th></tr><tr><th></th><th title=\"Float64\">Float64</th><th title=\"Float64\">Float64</th><th title=\"Float64\">Float64</th><th title=\"Float64\">Float64</th><th title=\"Float64\">Float64</th><th title=\"Float64\">Float64</th><th title=\"Float64\">Float64</th><th title=\"Float64\">Float64</th></tr></thead><tbody><tr><th>1</th><td>10.0</td><td>8.04</td><td>10.0</td><td>9.14</td><td>10.0</td><td>7.46</td><td>8.0</td><td>6.58</td></tr><tr><th>2</th><td>8.0</td><td>6.95</td><td>8.0</td><td>8.14</td><td>8.0</td><td>6.77</td><td>8.0</td><td>5.76</td></tr><tr><th>3</th><td>13.0</td><td>7.58</td><td>13.0</td><td>8.74</td><td>13.0</td><td>12.74</td><td>8.0</td><td>7.71</td></tr><tr><th>4</th><td>9.0</td><td>8.81</td><td>9.0</td><td>8.77</td><td>9.0</td><td>7.11</td><td>8.0</td><td>8.84</td></tr><tr><th>5</th><td>11.0</td><td>8.33</td><td>11.0</td><td>9.26</td><td>11.0</td><td>7.81</td><td>8.0</td><td>8.47</td></tr><tr><th>6</th><td>14.0</td><td>9.96</td><td>14.0</td><td>8.1</td><td>14.0</td><td>8.84</td><td>8.0</td><td>7.04</td></tr><tr><th>7</th><td>6.0</td><td>7.24</td><td>6.0</td><td>6.13</td><td>6.0</td><td>6.08</td><td>8.0</td><td>5.25</td></tr><tr><th>8</th><td>4.0</td><td>4.26</td><td>4.0</td><td>3.1</td><td>4.0</td><td>5.39</td><td>19.0</td><td>12.5</td></tr><tr><th>9</th><td>12.0</td><td>10.84</td><td>12.0</td><td>9.13</td><td>12.0</td><td>8.15</td><td>8.0</td><td>5.56</td></tr><tr><th>10</th><td>7.0</td><td>4.82</td><td>7.0</td><td>7.26</td><td>7.0</td><td>6.42</td><td>8.0</td><td>7.91</td></tr><tr><th>11</th><td>5.0</td><td>5.68</td><td>5.0</td><td>4.74</td><td>5.0</td><td>5.73</td><td>8.0</td><td>6.89</td></tr></tbody></table></div>"
      ],
      "text/latex": [
       "\\begin{tabular}{r|cccccccc}\n",
       "\t& x1 & y1 & x2 & y2 & x3 & y3 & x4 & y4\\\\\n",
       "\t\\hline\n",
       "\t& Float64 & Float64 & Float64 & Float64 & Float64 & Float64 & Float64 & Float64\\\\\n",
       "\t\\hline\n",
       "\t1 & 10.0 & 8.04 & 10.0 & 9.14 & 10.0 & 7.46 & 8.0 & 6.58 \\\\\n",
       "\t2 & 8.0 & 6.95 & 8.0 & 8.14 & 8.0 & 6.77 & 8.0 & 5.76 \\\\\n",
       "\t3 & 13.0 & 7.58 & 13.0 & 8.74 & 13.0 & 12.74 & 8.0 & 7.71 \\\\\n",
       "\t4 & 9.0 & 8.81 & 9.0 & 8.77 & 9.0 & 7.11 & 8.0 & 8.84 \\\\\n",
       "\t5 & 11.0 & 8.33 & 11.0 & 9.26 & 11.0 & 7.81 & 8.0 & 8.47 \\\\\n",
       "\t6 & 14.0 & 9.96 & 14.0 & 8.1 & 14.0 & 8.84 & 8.0 & 7.04 \\\\\n",
       "\t7 & 6.0 & 7.24 & 6.0 & 6.13 & 6.0 & 6.08 & 8.0 & 5.25 \\\\\n",
       "\t8 & 4.0 & 4.26 & 4.0 & 3.1 & 4.0 & 5.39 & 19.0 & 12.5 \\\\\n",
       "\t9 & 12.0 & 10.84 & 12.0 & 9.13 & 12.0 & 8.15 & 8.0 & 5.56 \\\\\n",
       "\t10 & 7.0 & 4.82 & 7.0 & 7.26 & 7.0 & 6.42 & 8.0 & 7.91 \\\\\n",
       "\t11 & 5.0 & 5.68 & 5.0 & 4.74 & 5.0 & 5.73 & 8.0 & 6.89 \\\\\n",
       "\\end{tabular}\n"
      ],
      "text/plain": [
       "\u001b[1m11×8 DataFrame\u001b[0m\n",
       "\u001b[1m Row \u001b[0m│\u001b[1m x1      \u001b[0m\u001b[1m y1      \u001b[0m\u001b[1m x2      \u001b[0m\u001b[1m y2      \u001b[0m\u001b[1m x3      \u001b[0m\u001b[1m y3      \u001b[0m\u001b[1m x4      \u001b[0m\u001b[1m y4      \u001b[0m\n",
       "\u001b[1m     \u001b[0m│\u001b[90m Float64 \u001b[0m\u001b[90m Float64 \u001b[0m\u001b[90m Float64 \u001b[0m\u001b[90m Float64 \u001b[0m\u001b[90m Float64 \u001b[0m\u001b[90m Float64 \u001b[0m\u001b[90m Float64 \u001b[0m\u001b[90m Float64 \u001b[0m\n",
       "─────┼────────────────────────────────────────────────────────────────────────\n",
       "   1 │    10.0     8.04     10.0     9.14     10.0     7.46      8.0     6.58\n",
       "   2 │     8.0     6.95      8.0     8.14      8.0     6.77      8.0     5.76\n",
       "   3 │    13.0     7.58     13.0     8.74     13.0    12.74      8.0     7.71\n",
       "   4 │     9.0     8.81      9.0     8.77      9.0     7.11      8.0     8.84\n",
       "   5 │    11.0     8.33     11.0     9.26     11.0     7.81      8.0     8.47\n",
       "   6 │    14.0     9.96     14.0     8.1      14.0     8.84      8.0     7.04\n",
       "   7 │     6.0     7.24      6.0     6.13      6.0     6.08      8.0     5.25\n",
       "   8 │     4.0     4.26      4.0     3.1       4.0     5.39     19.0    12.5\n",
       "   9 │    12.0    10.84     12.0     9.13     12.0     8.15      8.0     5.56\n",
       "  10 │     7.0     4.82      7.0     7.26      7.0     6.42      8.0     7.91\n",
       "  11 │     5.0     5.68      5.0     4.74      5.0     5.73      8.0     6.89"
      ]
     },
     "execution_count": 7,
     "metadata": {},
     "output_type": "execute_result"
    }
   ],
   "source": [
    "DataFrame(aq_vec, [\"x1\", \"y1\", \"x2\", \"y2\", \"x3\", \"y3\", \"x4\", \"y4\"])"
   ]
  },
  {
   "cell_type": "code",
   "execution_count": 8,
   "id": "54a37a8b",
   "metadata": {},
   "outputs": [
    {
     "data": {
      "text/html": [
       "<div class=\"data-frame\"><p>11 rows × 8 columns</p><table class=\"data-frame\"><thead><tr><th></th><th>x1</th><th>x2</th><th>x3</th><th>x4</th><th>x5</th><th>x6</th><th>x7</th><th>x8</th></tr><tr><th></th><th title=\"Float64\">Float64</th><th title=\"Float64\">Float64</th><th title=\"Float64\">Float64</th><th title=\"Float64\">Float64</th><th title=\"Float64\">Float64</th><th title=\"Float64\">Float64</th><th title=\"Float64\">Float64</th><th title=\"Float64\">Float64</th></tr></thead><tbody><tr><th>1</th><td>10.0</td><td>8.04</td><td>10.0</td><td>9.14</td><td>10.0</td><td>7.46</td><td>8.0</td><td>6.58</td></tr><tr><th>2</th><td>8.0</td><td>6.95</td><td>8.0</td><td>8.14</td><td>8.0</td><td>6.77</td><td>8.0</td><td>5.76</td></tr><tr><th>3</th><td>13.0</td><td>7.58</td><td>13.0</td><td>8.74</td><td>13.0</td><td>12.74</td><td>8.0</td><td>7.71</td></tr><tr><th>4</th><td>9.0</td><td>8.81</td><td>9.0</td><td>8.77</td><td>9.0</td><td>7.11</td><td>8.0</td><td>8.84</td></tr><tr><th>5</th><td>11.0</td><td>8.33</td><td>11.0</td><td>9.26</td><td>11.0</td><td>7.81</td><td>8.0</td><td>8.47</td></tr><tr><th>6</th><td>14.0</td><td>9.96</td><td>14.0</td><td>8.1</td><td>14.0</td><td>8.84</td><td>8.0</td><td>7.04</td></tr><tr><th>7</th><td>6.0</td><td>7.24</td><td>6.0</td><td>6.13</td><td>6.0</td><td>6.08</td><td>8.0</td><td>5.25</td></tr><tr><th>8</th><td>4.0</td><td>4.26</td><td>4.0</td><td>3.1</td><td>4.0</td><td>5.39</td><td>19.0</td><td>12.5</td></tr><tr><th>9</th><td>12.0</td><td>10.84</td><td>12.0</td><td>9.13</td><td>12.0</td><td>8.15</td><td>8.0</td><td>5.56</td></tr><tr><th>10</th><td>7.0</td><td>4.82</td><td>7.0</td><td>7.26</td><td>7.0</td><td>6.42</td><td>8.0</td><td>7.91</td></tr><tr><th>11</th><td>5.0</td><td>5.68</td><td>5.0</td><td>4.74</td><td>5.0</td><td>5.73</td><td>8.0</td><td>6.89</td></tr></tbody></table></div>"
      ],
      "text/latex": [
       "\\begin{tabular}{r|cccccccc}\n",
       "\t& x1 & x2 & x3 & x4 & x5 & x6 & x7 & x8\\\\\n",
       "\t\\hline\n",
       "\t& Float64 & Float64 & Float64 & Float64 & Float64 & Float64 & Float64 & Float64\\\\\n",
       "\t\\hline\n",
       "\t1 & 10.0 & 8.04 & 10.0 & 9.14 & 10.0 & 7.46 & 8.0 & 6.58 \\\\\n",
       "\t2 & 8.0 & 6.95 & 8.0 & 8.14 & 8.0 & 6.77 & 8.0 & 5.76 \\\\\n",
       "\t3 & 13.0 & 7.58 & 13.0 & 8.74 & 13.0 & 12.74 & 8.0 & 7.71 \\\\\n",
       "\t4 & 9.0 & 8.81 & 9.0 & 8.77 & 9.0 & 7.11 & 8.0 & 8.84 \\\\\n",
       "\t5 & 11.0 & 8.33 & 11.0 & 9.26 & 11.0 & 7.81 & 8.0 & 8.47 \\\\\n",
       "\t6 & 14.0 & 9.96 & 14.0 & 8.1 & 14.0 & 8.84 & 8.0 & 7.04 \\\\\n",
       "\t7 & 6.0 & 7.24 & 6.0 & 6.13 & 6.0 & 6.08 & 8.0 & 5.25 \\\\\n",
       "\t8 & 4.0 & 4.26 & 4.0 & 3.1 & 4.0 & 5.39 & 19.0 & 12.5 \\\\\n",
       "\t9 & 12.0 & 10.84 & 12.0 & 9.13 & 12.0 & 8.15 & 8.0 & 5.56 \\\\\n",
       "\t10 & 7.0 & 4.82 & 7.0 & 7.26 & 7.0 & 6.42 & 8.0 & 7.91 \\\\\n",
       "\t11 & 5.0 & 5.68 & 5.0 & 4.74 & 5.0 & 5.73 & 8.0 & 6.89 \\\\\n",
       "\\end{tabular}\n"
      ],
      "text/plain": [
       "\u001b[1m11×8 DataFrame\u001b[0m\n",
       "\u001b[1m Row \u001b[0m│\u001b[1m x1      \u001b[0m\u001b[1m x2      \u001b[0m\u001b[1m x3      \u001b[0m\u001b[1m x4      \u001b[0m\u001b[1m x5      \u001b[0m\u001b[1m x6      \u001b[0m\u001b[1m x7      \u001b[0m\u001b[1m x8      \u001b[0m\n",
       "\u001b[1m     \u001b[0m│\u001b[90m Float64 \u001b[0m\u001b[90m Float64 \u001b[0m\u001b[90m Float64 \u001b[0m\u001b[90m Float64 \u001b[0m\u001b[90m Float64 \u001b[0m\u001b[90m Float64 \u001b[0m\u001b[90m Float64 \u001b[0m\u001b[90m Float64 \u001b[0m\n",
       "─────┼────────────────────────────────────────────────────────────────────────\n",
       "   1 │    10.0     8.04     10.0     9.14     10.0     7.46      8.0     6.58\n",
       "   2 │     8.0     6.95      8.0     8.14      8.0     6.77      8.0     5.76\n",
       "   3 │    13.0     7.58     13.0     8.74     13.0    12.74      8.0     7.71\n",
       "   4 │     9.0     8.81      9.0     8.77      9.0     7.11      8.0     8.84\n",
       "   5 │    11.0     8.33     11.0     9.26     11.0     7.81      8.0     8.47\n",
       "   6 │    14.0     9.96     14.0     8.1      14.0     8.84      8.0     7.04\n",
       "   7 │     6.0     7.24      6.0     6.13      6.0     6.08      8.0     5.25\n",
       "   8 │     4.0     4.26      4.0     3.1       4.0     5.39     19.0    12.5\n",
       "   9 │    12.0    10.84     12.0     9.13     12.0     8.15      8.0     5.56\n",
       "  10 │     7.0     4.82      7.0     7.26      7.0     6.42      8.0     7.91\n",
       "  11 │     5.0     5.68      5.0     4.74      5.0     5.73      8.0     6.89"
      ]
     },
     "execution_count": 8,
     "metadata": {},
     "output_type": "execute_result"
    }
   ],
   "source": [
    "DataFrame(aq_vec, :auto)"
   ]
  },
  {
   "cell_type": "markdown",
   "id": "6badb0cf",
   "metadata": {
    "pycharm": {
     "name": "#%% md\n"
    }
   },
   "source": [
    "### Creating a data frame from vectors"
   ]
  },
  {
   "cell_type": "code",
   "execution_count": 9,
   "id": "3db99da2",
   "metadata": {},
   "outputs": [
    {
     "data": {
      "text/plain": [
       "(set1 = (x = [10.0, 8.0, 13.0, 9.0, 11.0, 14.0, 6.0, 4.0, 12.0, 7.0, 5.0], y = [8.04, 6.95, 7.58, 8.81, 8.33, 9.96, 7.24, 4.26, 10.84, 4.82, 5.68]), set2 = (x = [10.0, 8.0, 13.0, 9.0, 11.0, 14.0, 6.0, 4.0, 12.0, 7.0, 5.0], y = [9.14, 8.14, 8.74, 8.77, 9.26, 8.1, 6.13, 3.1, 9.13, 7.26, 4.74]), set3 = (x = [10.0, 8.0, 13.0, 9.0, 11.0, 14.0, 6.0, 4.0, 12.0, 7.0, 5.0], y = [7.46, 6.77, 12.74, 7.11, 7.81, 8.84, 6.08, 5.39, 8.15, 6.42, 5.73]), set4 = (x = [8.0, 8.0, 8.0, 8.0, 8.0, 8.0, 8.0, 19.0, 8.0, 8.0, 8.0], y = [6.58, 5.76, 7.71, 8.84, 8.47, 7.04, 5.25, 12.5, 5.56, 7.91, 6.89]))"
      ]
     },
     "execution_count": 9,
     "metadata": {},
     "output_type": "execute_result"
    }
   ],
   "source": [
    "data = (set1=(x=aq[:, 1], y=aq[:, 2]),\n",
    "        set2=(x=aq[:, 3], y=aq[:, 4]),\n",
    "        set3=(x=aq[:, 5], y=aq[:, 6]),\n",
    "        set4=(x=aq[:, 7], y=aq[:, 8]))"
   ]
  },
  {
   "cell_type": "code",
   "execution_count": 10,
   "id": "227a6bc5",
   "metadata": {},
   "outputs": [
    {
     "data": {
      "text/plain": [
       "11-element Vector{Float64}:\n",
       " 10.0\n",
       "  8.0\n",
       " 13.0\n",
       "  9.0\n",
       " 11.0\n",
       " 14.0\n",
       "  6.0\n",
       "  4.0\n",
       " 12.0\n",
       "  7.0\n",
       "  5.0"
      ]
     },
     "execution_count": 10,
     "metadata": {},
     "output_type": "execute_result"
    }
   ],
   "source": [
    "data.set1.x"
   ]
  },
  {
   "cell_type": "code",
   "execution_count": 11,
   "id": "d366a0c5",
   "metadata": {},
   "outputs": [
    {
     "data": {
      "text/html": [
       "<div class=\"data-frame\"><p>11 rows × 8 columns</p><table class=\"data-frame\"><thead><tr><th></th><th>x1</th><th>y1</th><th>x2</th><th>y2</th><th>x3</th><th>y3</th><th>x4</th><th>y4</th></tr><tr><th></th><th title=\"Float64\">Float64</th><th title=\"Float64\">Float64</th><th title=\"Float64\">Float64</th><th title=\"Float64\">Float64</th><th title=\"Float64\">Float64</th><th title=\"Float64\">Float64</th><th title=\"Float64\">Float64</th><th title=\"Float64\">Float64</th></tr></thead><tbody><tr><th>1</th><td>10.0</td><td>8.04</td><td>10.0</td><td>9.14</td><td>10.0</td><td>7.46</td><td>8.0</td><td>6.58</td></tr><tr><th>2</th><td>8.0</td><td>6.95</td><td>8.0</td><td>8.14</td><td>8.0</td><td>6.77</td><td>8.0</td><td>5.76</td></tr><tr><th>3</th><td>13.0</td><td>7.58</td><td>13.0</td><td>8.74</td><td>13.0</td><td>12.74</td><td>8.0</td><td>7.71</td></tr><tr><th>4</th><td>9.0</td><td>8.81</td><td>9.0</td><td>8.77</td><td>9.0</td><td>7.11</td><td>8.0</td><td>8.84</td></tr><tr><th>5</th><td>11.0</td><td>8.33</td><td>11.0</td><td>9.26</td><td>11.0</td><td>7.81</td><td>8.0</td><td>8.47</td></tr><tr><th>6</th><td>14.0</td><td>9.96</td><td>14.0</td><td>8.1</td><td>14.0</td><td>8.84</td><td>8.0</td><td>7.04</td></tr><tr><th>7</th><td>6.0</td><td>7.24</td><td>6.0</td><td>6.13</td><td>6.0</td><td>6.08</td><td>8.0</td><td>5.25</td></tr><tr><th>8</th><td>4.0</td><td>4.26</td><td>4.0</td><td>3.1</td><td>4.0</td><td>5.39</td><td>19.0</td><td>12.5</td></tr><tr><th>9</th><td>12.0</td><td>10.84</td><td>12.0</td><td>9.13</td><td>12.0</td><td>8.15</td><td>8.0</td><td>5.56</td></tr><tr><th>10</th><td>7.0</td><td>4.82</td><td>7.0</td><td>7.26</td><td>7.0</td><td>6.42</td><td>8.0</td><td>7.91</td></tr><tr><th>11</th><td>5.0</td><td>5.68</td><td>5.0</td><td>4.74</td><td>5.0</td><td>5.73</td><td>8.0</td><td>6.89</td></tr></tbody></table></div>"
      ],
      "text/latex": [
       "\\begin{tabular}{r|cccccccc}\n",
       "\t& x1 & y1 & x2 & y2 & x3 & y3 & x4 & y4\\\\\n",
       "\t\\hline\n",
       "\t& Float64 & Float64 & Float64 & Float64 & Float64 & Float64 & Float64 & Float64\\\\\n",
       "\t\\hline\n",
       "\t1 & 10.0 & 8.04 & 10.0 & 9.14 & 10.0 & 7.46 & 8.0 & 6.58 \\\\\n",
       "\t2 & 8.0 & 6.95 & 8.0 & 8.14 & 8.0 & 6.77 & 8.0 & 5.76 \\\\\n",
       "\t3 & 13.0 & 7.58 & 13.0 & 8.74 & 13.0 & 12.74 & 8.0 & 7.71 \\\\\n",
       "\t4 & 9.0 & 8.81 & 9.0 & 8.77 & 9.0 & 7.11 & 8.0 & 8.84 \\\\\n",
       "\t5 & 11.0 & 8.33 & 11.0 & 9.26 & 11.0 & 7.81 & 8.0 & 8.47 \\\\\n",
       "\t6 & 14.0 & 9.96 & 14.0 & 8.1 & 14.0 & 8.84 & 8.0 & 7.04 \\\\\n",
       "\t7 & 6.0 & 7.24 & 6.0 & 6.13 & 6.0 & 6.08 & 8.0 & 5.25 \\\\\n",
       "\t8 & 4.0 & 4.26 & 4.0 & 3.1 & 4.0 & 5.39 & 19.0 & 12.5 \\\\\n",
       "\t9 & 12.0 & 10.84 & 12.0 & 9.13 & 12.0 & 8.15 & 8.0 & 5.56 \\\\\n",
       "\t10 & 7.0 & 4.82 & 7.0 & 7.26 & 7.0 & 6.42 & 8.0 & 7.91 \\\\\n",
       "\t11 & 5.0 & 5.68 & 5.0 & 4.74 & 5.0 & 5.73 & 8.0 & 6.89 \\\\\n",
       "\\end{tabular}\n"
      ],
      "text/plain": [
       "\u001b[1m11×8 DataFrame\u001b[0m\n",
       "\u001b[1m Row \u001b[0m│\u001b[1m x1      \u001b[0m\u001b[1m y1      \u001b[0m\u001b[1m x2      \u001b[0m\u001b[1m y2      \u001b[0m\u001b[1m x3      \u001b[0m\u001b[1m y3      \u001b[0m\u001b[1m x4      \u001b[0m\u001b[1m y4      \u001b[0m\n",
       "\u001b[1m     \u001b[0m│\u001b[90m Float64 \u001b[0m\u001b[90m Float64 \u001b[0m\u001b[90m Float64 \u001b[0m\u001b[90m Float64 \u001b[0m\u001b[90m Float64 \u001b[0m\u001b[90m Float64 \u001b[0m\u001b[90m Float64 \u001b[0m\u001b[90m Float64 \u001b[0m\n",
       "─────┼────────────────────────────────────────────────────────────────────────\n",
       "   1 │    10.0     8.04     10.0     9.14     10.0     7.46      8.0     6.58\n",
       "   2 │     8.0     6.95      8.0     8.14      8.0     6.77      8.0     5.76\n",
       "   3 │    13.0     7.58     13.0     8.74     13.0    12.74      8.0     7.71\n",
       "   4 │     9.0     8.81      9.0     8.77      9.0     7.11      8.0     8.84\n",
       "   5 │    11.0     8.33     11.0     9.26     11.0     7.81      8.0     8.47\n",
       "   6 │    14.0     9.96     14.0     8.1      14.0     8.84      8.0     7.04\n",
       "   7 │     6.0     7.24      6.0     6.13      6.0     6.08      8.0     5.25\n",
       "   8 │     4.0     4.26      4.0     3.1       4.0     5.39     19.0    12.5\n",
       "   9 │    12.0    10.84     12.0     9.13     12.0     8.15      8.0     5.56\n",
       "  10 │     7.0     4.82      7.0     7.26      7.0     6.42      8.0     7.91\n",
       "  11 │     5.0     5.68      5.0     4.74      5.0     5.73      8.0     6.89"
      ]
     },
     "execution_count": 11,
     "metadata": {},
     "output_type": "execute_result"
    }
   ],
   "source": [
    "DataFrame(x1=data.set1.x, y1=data.set1.y,\n",
    "          x2=data.set2.x, y2=data.set2.y,\n",
    "          x3=data.set3.x, y3=data.set3.y,\n",
    "          x4=data.set4.x, y4=data.set4.y)"
   ]
  },
  {
   "cell_type": "code",
   "execution_count": 12,
   "id": "06413b4b",
   "metadata": {},
   "outputs": [
    {
     "data": {
      "text/html": [
       "<div class=\"data-frame\"><p>11 rows × 8 columns</p><table class=\"data-frame\"><thead><tr><th></th><th>x1</th><th>y1</th><th>x2</th><th>y2</th><th>x3</th><th>y3</th><th>x4</th><th>y4</th></tr><tr><th></th><th title=\"Float64\">Float64</th><th title=\"Float64\">Float64</th><th title=\"Float64\">Float64</th><th title=\"Float64\">Float64</th><th title=\"Float64\">Float64</th><th title=\"Float64\">Float64</th><th title=\"Float64\">Float64</th><th title=\"Float64\">Float64</th></tr></thead><tbody><tr><th>1</th><td>10.0</td><td>8.04</td><td>10.0</td><td>9.14</td><td>10.0</td><td>7.46</td><td>8.0</td><td>6.58</td></tr><tr><th>2</th><td>8.0</td><td>6.95</td><td>8.0</td><td>8.14</td><td>8.0</td><td>6.77</td><td>8.0</td><td>5.76</td></tr><tr><th>3</th><td>13.0</td><td>7.58</td><td>13.0</td><td>8.74</td><td>13.0</td><td>12.74</td><td>8.0</td><td>7.71</td></tr><tr><th>4</th><td>9.0</td><td>8.81</td><td>9.0</td><td>8.77</td><td>9.0</td><td>7.11</td><td>8.0</td><td>8.84</td></tr><tr><th>5</th><td>11.0</td><td>8.33</td><td>11.0</td><td>9.26</td><td>11.0</td><td>7.81</td><td>8.0</td><td>8.47</td></tr><tr><th>6</th><td>14.0</td><td>9.96</td><td>14.0</td><td>8.1</td><td>14.0</td><td>8.84</td><td>8.0</td><td>7.04</td></tr><tr><th>7</th><td>6.0</td><td>7.24</td><td>6.0</td><td>6.13</td><td>6.0</td><td>6.08</td><td>8.0</td><td>5.25</td></tr><tr><th>8</th><td>4.0</td><td>4.26</td><td>4.0</td><td>3.1</td><td>4.0</td><td>5.39</td><td>19.0</td><td>12.5</td></tr><tr><th>9</th><td>12.0</td><td>10.84</td><td>12.0</td><td>9.13</td><td>12.0</td><td>8.15</td><td>8.0</td><td>5.56</td></tr><tr><th>10</th><td>7.0</td><td>4.82</td><td>7.0</td><td>7.26</td><td>7.0</td><td>6.42</td><td>8.0</td><td>7.91</td></tr><tr><th>11</th><td>5.0</td><td>5.68</td><td>5.0</td><td>4.74</td><td>5.0</td><td>5.73</td><td>8.0</td><td>6.89</td></tr></tbody></table></div>"
      ],
      "text/latex": [
       "\\begin{tabular}{r|cccccccc}\n",
       "\t& x1 & y1 & x2 & y2 & x3 & y3 & x4 & y4\\\\\n",
       "\t\\hline\n",
       "\t& Float64 & Float64 & Float64 & Float64 & Float64 & Float64 & Float64 & Float64\\\\\n",
       "\t\\hline\n",
       "\t1 & 10.0 & 8.04 & 10.0 & 9.14 & 10.0 & 7.46 & 8.0 & 6.58 \\\\\n",
       "\t2 & 8.0 & 6.95 & 8.0 & 8.14 & 8.0 & 6.77 & 8.0 & 5.76 \\\\\n",
       "\t3 & 13.0 & 7.58 & 13.0 & 8.74 & 13.0 & 12.74 & 8.0 & 7.71 \\\\\n",
       "\t4 & 9.0 & 8.81 & 9.0 & 8.77 & 9.0 & 7.11 & 8.0 & 8.84 \\\\\n",
       "\t5 & 11.0 & 8.33 & 11.0 & 9.26 & 11.0 & 7.81 & 8.0 & 8.47 \\\\\n",
       "\t6 & 14.0 & 9.96 & 14.0 & 8.1 & 14.0 & 8.84 & 8.0 & 7.04 \\\\\n",
       "\t7 & 6.0 & 7.24 & 6.0 & 6.13 & 6.0 & 6.08 & 8.0 & 5.25 \\\\\n",
       "\t8 & 4.0 & 4.26 & 4.0 & 3.1 & 4.0 & 5.39 & 19.0 & 12.5 \\\\\n",
       "\t9 & 12.0 & 10.84 & 12.0 & 9.13 & 12.0 & 8.15 & 8.0 & 5.56 \\\\\n",
       "\t10 & 7.0 & 4.82 & 7.0 & 7.26 & 7.0 & 6.42 & 8.0 & 7.91 \\\\\n",
       "\t11 & 5.0 & 5.68 & 5.0 & 4.74 & 5.0 & 5.73 & 8.0 & 6.89 \\\\\n",
       "\\end{tabular}\n"
      ],
      "text/plain": [
       "\u001b[1m11×8 DataFrame\u001b[0m\n",
       "\u001b[1m Row \u001b[0m│\u001b[1m x1      \u001b[0m\u001b[1m y1      \u001b[0m\u001b[1m x2      \u001b[0m\u001b[1m y2      \u001b[0m\u001b[1m x3      \u001b[0m\u001b[1m y3      \u001b[0m\u001b[1m x4      \u001b[0m\u001b[1m y4      \u001b[0m\n",
       "\u001b[1m     \u001b[0m│\u001b[90m Float64 \u001b[0m\u001b[90m Float64 \u001b[0m\u001b[90m Float64 \u001b[0m\u001b[90m Float64 \u001b[0m\u001b[90m Float64 \u001b[0m\u001b[90m Float64 \u001b[0m\u001b[90m Float64 \u001b[0m\u001b[90m Float64 \u001b[0m\n",
       "─────┼────────────────────────────────────────────────────────────────────────\n",
       "   1 │    10.0     8.04     10.0     9.14     10.0     7.46      8.0     6.58\n",
       "   2 │     8.0     6.95      8.0     8.14      8.0     6.77      8.0     5.76\n",
       "   3 │    13.0     7.58     13.0     8.74     13.0    12.74      8.0     7.71\n",
       "   4 │     9.0     8.81      9.0     8.77      9.0     7.11      8.0     8.84\n",
       "   5 │    11.0     8.33     11.0     9.26     11.0     7.81      8.0     8.47\n",
       "   6 │    14.0     9.96     14.0     8.1      14.0     8.84      8.0     7.04\n",
       "   7 │     6.0     7.24      6.0     6.13      6.0     6.08      8.0     5.25\n",
       "   8 │     4.0     4.26      4.0     3.1       4.0     5.39     19.0    12.5\n",
       "   9 │    12.0    10.84     12.0     9.13     12.0     8.15      8.0     5.56\n",
       "  10 │     7.0     4.82      7.0     7.26      7.0     6.42      8.0     7.91\n",
       "  11 │     5.0     5.68      5.0     4.74      5.0     5.73      8.0     6.89"
      ]
     },
     "execution_count": 12,
     "metadata": {},
     "output_type": "execute_result"
    }
   ],
   "source": [
    "DataFrame(:x1 => data.set1.x, :y1 => data.set1.y,\n",
    "          :x2 => data.set2.x, :y2 => data.set2.y,\n",
